10040:
2417853
1207062
2487973
10006:
1093333
1982605
1534853
1632583
10007:
1204847
2160216
248206
835054
1064667
2419805
2084848
671106
2087887
1340891
1917538
2018945
2520477
10008:
1813636
2048630
930946
1492860
1687570
1122917
1885441
10009:
1927533
1789102
2263612
964421
3646:
1793946
2534406
2513903
364810
1361215
2516882
1938613
703959
623827
1607320
53134
2257890
267795
57620
1521772
1289515
187164
368368
389492
171420
1667961
1149237
275551
3647:
443724
1771365
43279
1341480
985735
3648:
2272974
2158448
2389821
655358
160978
334829
1072119
2557435
2344847
172720
860203
1830501
